   0.0000000000000000        0.0000000000000000     
   1.9607843137254902E-002   8.1414144791211271E-002
   3.9215686274509803E-002  0.16130635816673750     
   5.8823529411764705E-002  0.23952180593944714     
   7.8431372549019607E-002  0.31584602481198892     
   9.8039215686274508E-002  0.39005989544117659     
  0.11764705882352941       0.46195250309864683     
  0.13725490196078433       0.53131957498942473     
  0.15686274509803921       0.59796603731620845     
  0.17647058823529410       0.66170820255303209     
  0.19607843137254899       0.72237539774923509     
  0.21568627450980388       0.77981122179600049     
  0.23529411764705876       0.83387439979925526     
  0.25490196078431365       0.88443924341205427     
  0.27450980392156854       0.93139573778655449     
  0.29411764705882343       0.97464927617660191     
  0.31372549019607832        1.0141200677951714     
  0.33333333333333320        1.0497422521403341     
  0.35294117647058809        1.0814627628282312     
  0.37254901960784298        1.1092399947762379     
  0.39215686274509787        1.1330423389924866     
  0.41176470588235276        1.1528466580226380     
  0.43137254901960764        1.1686367811418152     
  0.45098039215686253        1.1804021005977337     
  0.47058823529411742        1.1881363477366169     
  0.49019607843137231        1.1918366201639985     
  0.50980392156862719        1.1915027182157605     
  0.52941176470588214        1.1871368315496278     
  0.54901960784313708        1.1787435957971732     
  0.56862745098039202        1.1663305165699842     
  0.58823529411764697        1.1499087355619408     
  0.60784313725490191        1.1294940929052075     
  0.62745098039215685        1.1051084229577259     
  0.64705882352941180        1.0767810085257492     
  0.66666666666666674        1.0445501117857285     
  0.68627450980392168        1.0084644988747495     
  0.70588235294117663       0.96858487870472354     
  0.72549019607843157       0.92498518402576246     
  0.74509803921568651       0.87775363287612707     
  0.76470588235294146       0.82699351999506143     
  0.78431372549019640       0.77282369924171945     
  0.80392156862745134       0.71537872826200877     
  0.82352941176470629       0.65480865459658066     
  0.84313725490196123       0.59127842810561604     
  0.86274509803921617       0.52496692496121322     
  0.88235294117647112       0.45606557372159029     
  0.90196078431372606       0.38477666116090886     
  0.92156862745098100       0.31131115788991159     
  0.94117647058823595       0.23588527207762919     
  0.96078431372549089       0.15872318401155713     
  0.98039215686274583        8.0057869754518909E-002
   1.0000000000000007        0.0000000000000000     
