   0.0000000000000000        0.0000000000000000     
   9.5238095238095233E-002 -0.13711609907760489     
  0.19047619047619047      -0.15214010347364137     
  0.28571428571428570       -7.6977250153035595E-002
  0.38095238095238093        5.2111085893774868E-002
  0.47619047619047616       0.20721294353463662     
  0.57142857142857140       0.37370875672480447     
  0.66666666666666663       0.54376348321990520     
  0.76190476190476186       0.70940161052357331     
  0.85714285714285710       0.85775878205727130     
  0.95238095238095233       0.97260629215392258     
   1.0476190476190474        1.0387265702488904     
   1.1428571428571428        1.0475612648310622     
   1.2380952380952381       0.99827568957961477     
   1.3333333333333335       0.89639460510935631     
   1.4285714285714288       0.75236248068013867     
   1.5238095238095242       0.58225282042706639     
   1.6190476190476195       0.40742345070575192     
   1.7142857142857149       0.24915124650997608     
   1.8095238095238102       0.12425083028754856     
   1.9047619047619055        4.0315237204064408E-002
   2.0000000000000009        0.0000000000000000     
