   0.0000000000000000        0.0000000000000000     
   9.9009900990099011E-003  -6.3370683800350351E-003
   1.9801980198019802E-002  -1.2381290548321952E-002
   2.9702970297029702E-002  -1.8167344531343724E-002
   3.9603960396039604E-002  -2.3723366650698043E-002
   4.9504950495049507E-002  -2.9075627931955821E-002
   5.9405940594059410E-002  -3.4248616649392327E-002
   6.9306930693069313E-002  -3.9265029799402863E-002
   7.9207920792079209E-002  -4.4145944363463953E-002
   8.9108910891089105E-002  -4.8910922322902312E-002
   9.9009900990099001E-002  -5.3578096668809257E-002
  0.10891089108910890       -5.8164240007736560E-002
  0.11881188118811879       -6.2684815781760730E-002
  0.12871287128712869       -6.7154014224708000E-002
  0.13861386138613860       -7.1584774541279261E-002
  0.14851485148514851       -7.5988794616026145E-002
  0.15841584158415842       -8.0376529412127723E-002
  0.16831683168316833       -8.4757179098931518E-002
  0.17821782178217824       -8.9138667883865721E-002
  0.18811881188118815       -9.3527614512714616E-002
  0.19801980198019806       -9.7929295436128189E-002
  0.20792079207920797      -0.10234760171142310     
  0.21782178217821788      -0.10678499080865120     
  0.22772277227722779      -0.11124243461086092     
  0.23762376237623770      -0.11571936503380725     
  0.24752475247524761      -0.12021361883433816     
  0.25742574257425749      -0.12472138332404603     
  0.26732673267326740      -0.12923714485036397     
  0.27722772277227731      -0.13375364204566995     
  0.28712871287128722      -0.13826182597016881     
  0.29702970297029713      -0.14275082937971714     
  0.30693069306930704      -0.14720794742800700     
  0.31683168316831695      -0.15161863215567081     
  0.32673267326732686      -0.15596650311850543     
  0.33663366336633677      -0.16023337645452293     
  0.34653465346534668      -0.16439931457644436     
  0.35643564356435659      -0.16844269849462851     
  0.36633663366336650      -0.17234032451835976     
  0.37623762376237641      -0.17606752674554643     
  0.38613861386138632      -0.17959832632894571     
  0.39603960396039622      -0.18290560800045752     
  0.40594059405940613      -0.18596132374643912     
  0.41584158415841604      -0.18873672286268839     
  0.42574257425742595      -0.19120260688803992     
  0.43564356435643586      -0.19332960713492986     
  0.44554455445544577      -0.19508848172246826     
  0.45544554455445568      -0.19645042819501962     
  0.46534653465346559      -0.19738740700276439     
  0.47524752475247550      -0.19787247035824368     
  0.48514851485148541      -0.19788009029357889     
  0.49504950495049532      -0.19738647915554414     
  0.50495049504950518      -0.19636989531636423     
  0.51485148514851509      -0.19481092656926746     
  0.52475247524752500      -0.19269274353563573     
  0.53465346534653491      -0.19000131544331675     
  0.54455445544554482      -0.18672558084205265     
  0.55445544554455473      -0.18285756619009541     
  0.56435643564356464      -0.17839244575266752     
  0.57425742574257455      -0.17332853686345501     
  0.58415841584158446      -0.16766722526984174     
  0.59405940594059436      -0.16141281595742293     
  0.60396039603960427      -0.15457230546969575     
  0.61386138613861418      -0.14715507224237914     
  0.62376237623762409      -0.13917248179820327     
  0.63366336633663400      -0.13063740374433819     
  0.64356435643564391      -0.12156363734199827     
  0.65346534653465382      -0.11196524195890337     
  0.66336633663366373      -0.10185576798341330     
  0.67326732673267364       -9.1247382828193876E-002
  0.68316831683168355       -8.0149885587459141E-002
  0.69306930693069346       -6.8569602906804430E-002
  0.70297029702970337       -5.6508157929673536E-002
  0.71287128712871328       -4.3961104145204030E-002
  0.72277227722772319       -3.0916417032476367E-002
  0.73267326732673310       -1.7352839149137357E-002
  0.74257425742574301       -3.2380794448588685E-003
  0.75247524752475292        1.1473124093685455E-002
  0.76237623762376283        2.6841056931959609E-002
  0.77227722772277274        4.2943156594784315E-002
  0.78217821782178265        5.9876154925168470E-002
  0.79207920792079256        7.7758141357419180E-002
  0.80198019801980247        9.6730417263592702E-002
  0.81188118811881238       0.11695896715510369     
  0.82178217821782229       0.13863532228806943     
  0.83168316831683220       0.16197653824038830     
  0.84158415841584211       0.18722395405605866     
  0.85148514851485202       0.21464035223098993     
  0.86138613861386193       0.24450510394550143     
  0.87128712871287184       0.27710687261398109     
  0.88118811881188175       0.31273347326826262     
  0.89108910891089166       0.35165855946714969     
  0.90099009900990157       0.39412494806272758     
  0.91089108910891148       0.44032460927951489     
  0.92079207920792139       0.49037565657809784     
  0.93069306930693130       0.54429707348083767     
  0.94059405940594121       0.60198240857279350     
  0.95049504950495112       0.66317425579210232     
  0.96039603960396103       0.72744195392713751     
  0.97029702970297094       0.79416541565682830     
  0.98019801980198085       0.86252986003713039     
  0.99009900990099076       0.93153382057798328     
   1.0000000000000007        1.0000000000000000     
